LECROYWRHRO66Zi;0;Histogram
Segments;1;SegmentSize;100
Segment;TrigTime;TimeSinceSegment1
#1;29-Oct-2018 09:53:19;0                 
Time;Ampl
-2.14e-007;0
-2.04e-007;0
-1.94e-007;0
-1.84e-007;0
-1.74e-007;0
-1.64e-007;0
-1.54e-007;0
-1.44e-007;0
-1.34e-007;0
-1.24e-007;0
-1.14e-007;0
-1.04e-007;0
-9.4e-008;0
-8.4e-008;0
-7.4e-008;0
-6.4e-008;0
-5.4e-008;0
-4.4e-008;0
-3.4e-008;0
-2.4e-008;0
-1.4e-008;0
-4e-009;0
6e-009;0
1.6e-008;0
2.6e-008;0
3.6e-008;0
4.6e-008;0
5.6e-008;0
6.6e-008;0
7.6e-008;7
8.6e-008;19
9.6e-008;0
1.06e-007;6
1.16e-007;0
1.26e-007;0
1.36e-007;0
1.46e-007;0
1.56e-007;1
1.66e-007;0
1.76e-007;1
1.86e-007;0
1.96e-007;0
2.06e-007;0
2.16e-007;0
2.26e-007;0
2.36e-007;0
2.46e-007;0
2.56e-007;0
2.66e-007;0
2.76e-007;0
2.86e-007;0
2.96e-007;0
3.06e-007;0
3.16e-007;0
3.26e-007;0
3.36e-007;1
3.46e-007;0
3.56e-007;1
3.66e-007;0
3.76e-007;0
3.86e-007;0
3.96e-007;0
4.06e-007;0
4.16e-007;0
4.26e-007;0
4.36e-007;0
4.46e-007;0
4.56e-007;0
4.66e-007;0
4.76e-007;0
4.86e-007;0
4.96e-007;0
5.06e-007;0
5.16e-007;0
5.26e-007;0
5.36e-007;0
5.46e-007;0
5.56e-007;0
5.66e-007;0
5.76e-007;0
5.86e-007;0
5.96e-007;0
6.06e-007;0
6.16e-007;0
6.26e-007;0
6.36e-007;0
6.46e-007;0
6.56e-007;0
6.66e-007;0
6.76e-007;0
6.86e-007;0
6.96e-007;0
7.06e-007;0
7.16e-007;0
7.26e-007;0
7.36e-007;0
7.46e-007;0
7.56e-007;0
7.66e-007;0
7.76e-007;0
