LECROYWRHRO66Zi;0;Histogram
Segments;1;SegmentSize;100
Segment;TrigTime;TimeSinceSegment1
#1;22-Oct-2018 08:33:09;0                 
Time;Ampl
-4.14e-008;0
-4.09e-008;0
-4.04e-008;0
-3.99e-008;0
-3.94e-008;0
-3.89e-008;0
-3.84e-008;0
-3.79e-008;0
-3.74e-008;0
-3.69e-008;0
-3.64e-008;0
-3.59e-008;0
-3.54e-008;0
-3.49e-008;0
-3.44e-008;0
-3.39e-008;0
-3.34e-008;0
-3.29e-008;0
-3.24e-008;0
-3.19e-008;0
-3.14e-008;0
-3.09e-008;0
-3.04e-008;0
-2.99e-008;0
-2.94e-008;0
-2.89e-008;0
-2.84e-008;0
-2.79e-008;0
-2.74e-008;0
-2.69e-008;0
-2.64e-008;0
-2.59e-008;0
-2.54e-008;0
-2.49e-008;0
-2.44e-008;0
-2.39e-008;0
-2.34e-008;0
-2.29e-008;0
-2.24e-008;0
-2.19e-008;0
-2.14e-008;0
-2.09e-008;0
-2.04e-008;0
-1.99e-008;0
-1.94e-008;0
-1.89e-008;0
-1.84e-008;0
-1.79e-008;0
-1.74e-008;0
-1.69e-008;0
-1.64e-008;0
-1.59e-008;0
-1.54e-008;0
-1.49e-008;0
-1.44e-008;0
-1.39e-008;0
-1.34e-008;0
-1.29e-008;0
-1.24e-008;0
-1.19e-008;0
-1.14e-008;0
-1.09e-008;0
-1.04e-008;0
-9.9e-009;0
-9.4e-009;0
-8.9e-009;0
-8.4e-009;0
-7.9e-009;0
-7.4e-009;0
-6.9e-009;0
-6.4e-009;0
-5.9e-009;0
-5.4e-009;0
-4.9e-009;0
-4.4e-009;0
-3.9e-009;0
-3.4e-009;0
-2.9e-009;0
-2.4e-009;0
-1.9e-009;0
-1.4e-009;0
-9e-010;0
-4e-010;1000
1e-010;0
6e-010;0
1.1e-009;0
1.6e-009;0
2.1e-009;0
2.6e-009;0
3.1e-009;0
3.6e-009;0
4.1e-009;0
4.6e-009;0
5.1e-009;0
5.6e-009;0
6.1e-009;0
6.6e-009;0
7.1e-009;0
7.6e-009;0
8.1e-009;0
