LECROYWRHRO66Zi;0;Histogram
Segments;1;SegmentSize;51
Segment;TrigTime;TimeSinceSegment1
#1;05-Nov-2018 03:04:13;0                 
Time;Ampl
-4e-007;0
-2e-007;0
4.24e-022;26356
2e-007;3033
4e-007;2514
6e-007;20878
8e-007;4797
1e-006;2278
1.2e-006;3258
1.4e-006;1865
1.6e-006;1428
1.8e-006;1191
2e-006;1092
2.2e-006;927
2.4e-006;900
2.6e-006;811
2.8e-006;760
3e-006;690
3.2e-006;639
3.4e-006;610
3.6e-006;518
3.8e-006;507
4e-006;432
4.2e-006;423
4.4e-006;389
4.6e-006;324
4.8e-006;310
5e-006;301
5.2e-006;235
5.4e-006;249
5.6e-006;245
5.8e-006;184
6e-006;187
6.2e-006;192
6.4e-006;137
6.6e-006;129
6.8e-006;136
7e-006;130
7.2e-006;112
7.4e-006;104
7.6e-006;117
7.8e-006;113
8e-006;63
8.2e-006;86
8.4e-006;79
8.6e-006;67
8.8e-006;63
9e-006;67
9.2e-006;66
9.4e-006;76
9.6e-006;61
