LECROYWRHRO66Zi;0;Histogram
Segments;1;SegmentSize;75
Segment;TrigTime;TimeSinceSegment1
#1;19-Nov-2018 06:07:38;0                 
Time;Ampl
-2e-007;0
2.12e-022;706
2e-007;981
4e-007;835
6e-007;12587
8e-007;2146
1e-006;818
1.2e-006;1406
1.4e-006;702
1.6e-006;462
1.8e-006;388
2e-006;353
2.2e-006;311
2.4e-006;274
2.6e-006;232
2.8e-006;208
3e-006;220
3.2e-006;161
3.4e-006;175
3.6e-006;146
3.8e-006;158
4e-006;119
4.2e-006;114
4.4e-006;74
4.6e-006;82
4.8e-006;96
5e-006;80
5.2e-006;69
5.4e-006;73
5.6e-006;62
5.8e-006;49
6e-006;56
6.2e-006;40
6.4e-006;33
6.6e-006;45
6.8e-006;42
7e-006;37
7.2e-006;39
7.4e-006;19
7.6e-006;28
7.8e-006;24
8e-006;18
8.2e-006;15
8.4e-006;13
8.6e-006;19
8.8e-006;17
9e-006;16
9.2e-006;13
9.4e-006;10
9.6e-006;16
9.8e-006;13
1e-005;9
1.02e-005;12
1.04e-005;6
1.06e-005;0
1.08e-005;0
1.1e-005;0
1.12e-005;0
1.14e-005;0
1.16e-005;0
1.18e-005;0
1.2e-005;0
1.22e-005;0
1.24e-005;0
1.26e-005;0
1.28e-005;0
1.3e-005;0
1.32e-005;0
1.34e-005;0
1.36e-005;0
1.38e-005;0
1.4e-005;0
1.42e-005;0
1.44e-005;0
1.46e-005;0
