LECROYWRHRO66Zi;0;Histogram
Segments;1;SegmentSize;74
Segment;TrigTime;TimeSinceSegment1
#1;03-Dec-2018 05:27:39;0                 
Time;Ampl
-1.6e-007;0
4e-008;768
2.4e-007;544
4.4e-007;498
6.4e-007;428
8.4e-007;390
1.04e-006;324
1.24e-006;285
1.44e-006;273
1.64e-006;267
1.84e-006;247
2.04e-006;230
2.24e-006;196
2.44e-006;196
2.64e-006;160
2.84e-006;149
3.04e-006;132
3.24e-006;131
3.44e-006;111
3.64e-006;117
3.84e-006;111
4.04e-006;84
4.24e-006;90
4.44e-006;74
4.64e-006;70
4.84e-006;68
5.04e-006;62
5.24e-006;62
5.44e-006;51
5.64e-006;55
5.84e-006;49
6.04e-006;54
6.24e-006;33
6.44e-006;38
6.64e-006;33
6.84e-006;33
7.04e-006;25
7.24e-006;28
7.44e-006;31
7.64e-006;23
7.84e-006;24
8.04e-006;19
8.24e-006;24
8.44e-006;21
8.64e-006;25
8.84e-006;19
9.04e-006;18
9.24e-006;15
9.44e-006;11
9.64e-006;18
9.84e-006;20
1e-005;17
1.02e-005;12
1.04e-005;8
1.06e-005;0
1.08e-005;0
1.1e-005;0
1.12e-005;0
1.14e-005;0
1.16e-005;0
1.18e-005;0
1.2e-005;0
1.22e-005;0
1.24e-005;0
1.26e-005;0
1.28e-005;0
1.3e-005;0
1.32e-005;0
1.34e-005;0
1.36e-005;0
1.38e-005;0
1.4e-005;0
1.42e-005;0
1.44e-005;0
