LECROYWRHRO66Zi;0;Histogram
Segments;1;SegmentSize;74
Segment;TrigTime;TimeSinceSegment1
#1;19-Nov-2018 06:07:38;0                 
Time;Ampl
-2e-007;0
2.12e-022;749
2e-007;642
4e-007;546
6e-007;466
8e-007;404
1e-006;332
1.2e-006;324
1.4e-006;244
1.6e-006;246
1.8e-006;251
2e-006;203
2.2e-006;196
2.4e-006;181
2.6e-006;176
2.8e-006;175
3e-006;150
3.2e-006;134
3.4e-006;112
3.6e-006;84
3.8e-006;113
4e-006;87
4.2e-006;91
4.4e-006;77
4.6e-006;74
4.8e-006;74
5e-006;52
5.2e-006;67
5.4e-006;49
5.6e-006;50
5.8e-006;53
6e-006;33
6.2e-006;37
6.4e-006;50
6.6e-006;36
6.8e-006;35
7e-006;30
7.2e-006;25
7.4e-006;26
7.6e-006;24
7.8e-006;20
8e-006;30
8.2e-006;24
8.4e-006;12
8.6e-006;26
8.8e-006;22
9e-006;15
9.2e-006;17
9.4e-006;29
9.6e-006;18
9.8e-006;18
1e-005;10
1.02e-005;22
1.04e-005;10
1.06e-005;0
1.08e-005;0
1.1e-005;0
1.12e-005;0
1.14e-005;0
1.16e-005;0
1.18e-005;0
1.2e-005;0
1.22e-005;0
1.24e-005;0
1.26e-005;0
1.28e-005;0
1.3e-005;0
1.32e-005;0
1.34e-005;0
1.36e-005;0
1.38e-005;0
1.4e-005;0
1.42e-005;0
1.44e-005;0
