LECROYWRHRO66Zi;0;Histogram
Segments;1;SegmentSize;51
Segment;TrigTime;TimeSinceSegment1
#1;05-Nov-2018 03:04:13;0                 
Time;Ampl
-2e-007;0
2.12e-022;26428
2e-007;3039
4e-007;2525
6e-007;20950
8e-007;4809
1e-006;2288
1.2e-006;3268
1.4e-006;1872
1.6e-006;1432
1.8e-006;1195
2e-006;1095
2.2e-006;928
2.4e-006;903
2.6e-006;813
2.8e-006;763
3e-006;691
3.2e-006;642
3.4e-006;611
3.6e-006;519
3.8e-006;508
4e-006;432
4.2e-006;424
4.4e-006;390
4.6e-006;325
4.8e-006;310
5e-006;302
5.2e-006;236
5.4e-006;249
5.6e-006;246
5.8e-006;184
6e-006;187
6.2e-006;192
6.4e-006;138
6.6e-006;129
6.8e-006;136
7e-006;130
7.2e-006;112
7.4e-006;104
7.6e-006;117
7.8e-006;113
8e-006;63
8.2e-006;86
8.4e-006;79
8.6e-006;67
8.8e-006;64
9e-006;67
9.2e-006;66
9.4e-006;76
9.6e-006;61
9.8e-006;48
